{"metadata":{"version":4.3,"type":"Object","generator":"ObjectExporter"},"geometries":[{"uuid":"50247cc8-fe7a-44a9-9026-ec693ae970fa","type":"Geometry","data":{"vertices":[],"normals":[],"faces":[]}},{"uuid":"417a6ceb-c34f-40a2-8cdc-05ebd1785452","type":"Geometry","data":{"vertices":[-20,1.2246468525851679e-15,-26.626840591430664,-10,1.2246468525851679e-15,-46.38408660888672,0,1.2246468525851679e-15,-55.70296096801758,10,1.2246468525851679e-15,-46.38408660888672,20,1.2246468525851679e-15,-26.626840591430664,-22.881263732910156,6.123234262925839e-16,-10,-10,6.123234262925839e-16,-10,0,6.123234262925839e-16,-10,10,6.123234262925839e-16,-10,23.169389724731445,6.123234262925839e-16,-10,-22.881263732910156,0,0,-10,0,0,0,0,0,10,0,0,23.169389724731445,0,0,-22.881263732910156,-6.123234262925839e-16,10,-10,-6.123234262925839e-16,10,0,-6.123234262925839e-16,10,10,-6.123234262925839e-16,10,23.169389724731445,-6.123234262925839e-16,10,-20,-1.2246468525851679e-15,25.474346160888672,-10,-1.2246468525851679e-15,50.54108810424805,0,-1.2246468525851679e-15,64.947265625,10,-1.2246468525851679e-15,50.54108810424805,20,-1.2246468525851679e-15,25.474346160888672],"normals":[2.0929928005080804e-17,1,2.4239370313653647e-17,6.951358643307547e-18,1,1.4918880490102193e-17,-6.951358643307547e-18,1,1.4918880490102193e-17,-2.0757885509064843e-17,1,2.4342843066080606e-17,0,1,6.123234262925839e-17,-2.5381077704698573e-17,1,2.316819370059958e-17,-9.238027083698791e-18,1,1.282509127822631e-17,9.238027083698791e-18,1,1.282509127822631e-17,2.5195320389934423e-17,1,2.3288235809540924e-17],"uvs":[[0.21590909090909094,0.6949256265844119,0.1749820492484353,0.5732064421669107,0.35795454545454547,0.5732064421669107,0.35795454545454547,0.8395613953798442,0.5,0.5732064421669107,0.5,0.9077815590630862,0.6420454545454546,0.5732064421669107,0.6420454545454546,0.8395613953798442,0.8291106494990261,0.5732064421669107,0.7840909090909091,0.6949256265844119,0.1749820492484353,0.5,0.35795454545454547,0.5,0.5,0.5,0.6420454545454546,0.5,0.8291106494990261,0.5,0.1749820492484353,0.4267935578330893,0.35795454545454547,0.4267935578330893,0.5,0.4267935578330893,0.6420454545454546,0.4267935578330893,0.8291106494990261,0.4267935578330893,0.21590909090909094,0.313511375103304,0.35795454545454547,0.13000667566436275,0.5,0.024544175512445088,0.6420454545454546,0.13000667566436275,0.7840909090909091,0.313511375103304]],"faces":[56,0,5,6,0,1,2,0,0,0,0,56,0,6,1,0,2,3,0,0,0,0,56,1,6,7,3,2,4,1,1,1,1,56,1,7,2,3,4,5,1,1,1,1,56,2,7,8,5,4,6,2,2,2,2,56,2,8,3,5,6,7,2,2,2,2,56,3,8,9,7,6,8,3,3,3,3,56,3,9,4,7,8,9,3,3,3,3,56,5,10,11,1,10,11,4,4,4,4,56,5,11,6,1,11,2,4,4,4,4,56,6,11,12,2,11,12,4,4,4,4,56,6,12,7,2,12,4,4,4,4,4,56,7,12,13,4,12,13,4,4,4,4,56,7,13,8,4,13,6,4,4,4,4,56,8,13,14,6,13,14,4,4,4,4,56,8,14,9,6,14,8,4,4,4,4,56,10,15,16,10,15,16,4,4,4,4,56,10,16,11,10,16,11,4,4,4,4,56,11,16,17,11,16,17,4,4,4,4,56,11,17,12,11,17,12,4,4,4,4,56,12,17,18,12,17,18,4,4,4,4,56,12,18,13,12,18,13,4,4,4,4,56,13,18,19,13,18,19,4,4,4,4,56,13,19,14,13,19,14,4,4,4,4,56,15,20,21,15,20,21,5,5,5,5,56,15,21,16,15,21,16,5,5,5,5,56,16,21,22,16,21,22,6,6,6,6,56,16,22,17,16,22,17,6,6,6,6,56,17,22,23,17,22,23,7,7,7,7,56,17,23,18,17,23,18,7,7,7,7,56,18,23,24,18,23,24,8,8,8,8,56,18,24,19,18,24,19,8,8,8,8]}},{"uuid":"1854e5e8-8a9c-424d-ab40-83b36f91390c","type":"Geometry","data":{"vertices":[],"normals":[],"faces":[]}}],"materials":[{"uuid":"F49F9F23-2474-4FCC-8807-B9763065D0EA","type":"MeshBasicMaterial","color":4706960,"opacity":1,"transparent":false,"wireframe":false},{"uuid":"8f958804-6fdd-4d86-b768-383f156a7f04","name":"Leaf","type":"MeshPhongMaterial","color":16777215,"ambient":0,"emissive":0,"specular":131586,"shininess":720,"opacity":1,"transparent":false,"wireframe":false,"map":"bc077cda-fa24-448e-baa6-00a45d5a3410","opacityMap":null,"specularMap":"e702302d-666b-43cb-b524-d46370c1a90f","emissiveMap":null,"bumpMap":"e702302d-666b-43cb-b524-d46370c1a90f"},{"uuid":"25ACD93D-BFC1-435D-9D01-15AAAB26FA5B","type":"MeshBasicMaterial","color":10785947,"opacity":1,"transparent":false,"wireframe":false}],"object":{"uuid":"10C4A88E-2374-4994-AB2F-BD1EDFBD1D41","type":"Scene","matrix":[1,0,0,0,0,1,0,0,0,0,1,0,0,0,0,1],"children":[{"uuid":"7b2ab25b-b99d-47b3-bbda-e1f8c645a30b","name":"Camera_Perspective25","type":"PerspectiveCamera","fov":45,"aspect":1.5997,"near":5,"far":50000,"matrix":[-0.5326091051101685,0.005977617111057043,0.8463402390480042,0,0.5278997421264648,0.7839677929878235,0.3266746997833252,0,-0.661550760269165,0.6207727193832397,-0.4207039773464203,0,-56.098018646240234,55.3972053527832,-42.322757720947266,1]},{"uuid":"82fb9016-ddb6-42b4-87c2-eb4930524240","name":"LightPreset","visible":false,"type":"Mesh","geometry":"50247cc8-fe7a-44a9-9026-ec693ae970fa","material":"F49F9F23-2474-4FCC-8807-B9763065D0EA","castShadow":false,"receiveShadow":false,"matrix":[1,0,0,0,0,1,0,0,0,0,1,0,0.0842742919921875,246.04605102539062,63.28877258300781,1],"children":[{"uuid":"216a0445-bf6e-4664-9ced-b41833c6efa8","name":"BackLight","type":"DirectionalLight","color":7838134,"intensity":0.75,"castShadow":true,"shadowBias":0,"shadowDarkness":0.1,"shadowCameraNear":3402.5169,"shadowCameraFar":13610.0677,"shadowMapWidth":1024,"shadowMapHeight":1024,"shadowCameraLeft":-589.3332,"shadowCameraRight":589.3332,"shadowCameraTop":589.3332,"shadowCameraBottom":-589.3332,"matrix":[-0.11775826662778854,0.794736385345459,0.5954217910766602,0,0.794736385345459,0.4349351227283478,-0.42335033416748047,0,-0.5954217910766602,0.42335036396980286,-0.682823121547699,0,-4051.865234375,2880.913330078125,-4646.63427734375,1]},{"uuid":"24264bd0-502c-49ed-9a52-e6cc004f392d","name":"FillLight","type":"DirectionalLight","color":15062196,"intensity":0.85,"castShadow":true,"shadowBias":0,"shadowDarkness":0.1,"shadowCameraNear":6537.4731,"shadowCameraFar":26149.8925,"shadowMapWidth":1024,"shadowMapHeight":1024,"shadowCameraLeft":-589.3332,"shadowCameraRight":589.3332,"shadowCameraTop":589.3332,"shadowCameraBottom":-589.3332,"matrix":[0.3981274366378784,-0.48951199650764465,-0.7758044600486755,0,-0.48951196670532227,0.6018725633621216,-0.6309733986854553,0,0.7758044600486755,0.6309733986854553,9.919908450228831e-9,0,10143.6015625,8249.943359375,0,1]},{"uuid":"82181476-78a0-4dd7-982c-e4169bb2e94a","name":"KeyLight","type":"DirectionalLight","color":16776180,"intensity":1,"castShadow":true,"shadowBias":0,"shadowDarkness":0.1,"shadowCameraNear":3402.5169,"shadowCameraFar":13610.0677,"shadowMapWidth":1024,"shadowMapHeight":1024,"shadowCameraLeft":-589.3332,"shadowCameraRight":589.3332,"shadowCameraTop":589.3332,"shadowCameraBottom":-589.3332,"matrix":[0.8176450133323669,0.22988826036453247,0.5278332829475403,0,0.22988823056221008,0.7101882696151733,-0.6654201745986938,0,-0.5278332829475403,0.6654201745986938,0.5278332829475403,0,-3591.923583984375,4528.20703125,3591.923583984375,1]}]},{"uuid":"bd99cb5e-b919-480f-b97b-180e71787517","name":"Plane","type":"Mesh","geometry":"417a6ceb-c34f-40a2-8cdc-05ebd1785452","material":"8f958804-6fdd-4d86-b768-383f156a7f04","castShadow":true,"receiveShadow":true,"matrix":[1,0,0,0,0,1,0,0,0,0,1,0,0,0,0,1]},{"uuid":"ee818442-052c-4377-9a27-b1f968884122","name":"group","type":"Mesh","geometry":"1854e5e8-8a9c-424d-ab40-83b36f91390c","material":"25ACD93D-BFC1-435D-9D01-15AAAB26FA5B","castShadow":false,"receiveShadow":false,"matrix":[0.05000000074505806,0,0,0,0,0.05000000074505806,0,0,0,0,0.05000000074505806,0,0,0,0,1]}]},"images":[{"url":"Leaf_Alpha.png","uuid":"3ea51303-1ca4-4e0b-b3cb-4c114adb286d","name":"Leaf_Alpha.png","originalUrl":"Leaf_Alpha.png"},{"url":"polygonum_persicaria_leaf_bump.jpg","uuid":"6ca8fa62-7c18-40bd-ae4d-825cd0860f89","name":"polygonum_persicaria_leaf_bump.jpg","originalUrl":"polygonum_persicaria_leaf_bump.jpg"}],"textures":[{"name":"Leaf_Alpha.png","uuid":"bc077cda-fa24-448e-baa6-00a45d5a3410","offset":[0,0],"repeat":[1,1],"magFilter":"LinearFilter","minFilter":"LinearMipMapLinearFilter","wrap":["RepeatWrapping","RepeatWrapping"],"anisotropy":1,"image":"3ea51303-1ca4-4e0b-b3cb-4c114adb286d"},{"name":"polygonum_persicaria_leaf_bump.jpg","uuid":"e702302d-666b-43cb-b524-d46370c1a90f","offset":[0,0],"repeat":[1,1],"magFilter":"LinearFilter","minFilter":"LinearMipMapLinearFilter","wrap":["RepeatWrapping","RepeatWrapping"],"anisotropy":1,"image":"6ca8fa62-7c18-40bd-ae4d-825cd0860f89"},{"name":"polygonum_persicaria_leaf_bump.jpg","uuid":"e702302d-666b-43cb-b524-d46370c1a90f","offset":[0,0],"repeat":[1,1],"magFilter":"LinearFilter","minFilter":"LinearMipMapLinearFilter","wrap":["RepeatWrapping","RepeatWrapping"],"anisotropy":1,"image":"6ca8fa62-7c18-40bd-ae4d-825cd0860f89"}]}